01100001 00110100 00110110 00001000 
01101100 11010010 11010100 00100101 
10001100 00001110 01010100 01111010 
01010111 11101010 10100000 10010110 
01111001 10100011 00010000 00101010 
10001011 00110011 10010001 10010001 
00111001 00000100 11100101 00110110 
00001000 10011101 01111000 00010100 
01110100 11010110 10010000 11000001 
01001100 01101001 11011101 01001010 
11010100 00000000 10101100 10101010 
10111000 00000110 01000000 01001110 
11010010 11010011 10011000 01010001 
00111011 00010001 10100100 01110010 
01000101 01010100 00101111 11101011 
01000100 01011111 11111000 10100101 
11000110 10001000 01010101 11110010 
00011110 10011011 11000010 11011010 
01101011 11011100 11001000 10001111 
00000001 01101001 10011101 00001111 
11000101 10010110 11010010 00101001 
00000011 00100101 00010011 11010000 
10110110 11010101 00111000 11110111 
01010100 00110001 10110001 01100011 
00011000 10100111 00001001 00101101 
11001101 11000110 00000101 01101100 
10101110 00101001 00110011 10101010 
11000110 11101010 01010001 00110000 
01101100 00111011 11101101 01000100 
11001000 01100001 00101000 01100011 
10000111 01000001 11110010 00011101 
00001011 00111011 11000011 10000111 
01011111 11110110 10000100 10001000 
00111001 11101111 10111100 01011000 
10101111 11010010 01000111 00000100 
10010110 00001000 00001000 11001101 
10010100 11110110 01101101 10111011 
01100110 01011000 11000101 00101000 
01100001 00110100 00100111 10100011 
10101100 01001011 01100110 10001110 
11000010 10011100 01110100 00011011 
00110011 10111011 10010101 10111101 
00110011 00100111 10111001 00100100 
01101111 01100000 00000001 11000110 
01000010 11100000 00100110 00101011 
00101000 11000100 11100001 01011110 
10100101 10101111 01110000 11011010 
01110011 01010100 01100010 10111001 
10011111 10100011 01011011 00000110 
10000100 01110111 11001110 11111101 
10110011 01011011 00001111 00011100 
11000111 10111000 10010000 10111101 
00101011 11110111 01000110 10110000 
01001110 00000010 00000100 00001010 
11100101 10011001 00111111 10001111 
10001101 11101100 00011000 00001110 
10000110 01111001 10001010 01100111 
01100110 10001111 10111010 10111111 
11011110 10000110 10100000 01111101 
10000101 01110110 00011111 10011010 
10111000 10011010 01001001 01110000 
10001111 00010011 11001011 11110100 
11101010 00111011 01010111 00011010 
10011101 11001100 11110111 01010101 
00111011 11110000 00101110 11101000 
00001000 00011001 11000001 01101100 
00010101 00100011 10011100 01011110 
00000101 10100111 10101001 00001000 
00001011 10001100 10000011 00010100 
00010100 00011011 01101000 00101000 
10110000 01000011 01001111 01010000 
00111001 11010011 10001001 00011101 
10110111 01000001 11000001 10110000 
00001101 01001010 01011110 00110011 
01101101 00010000 10000100 11011001 
00010111 01111100 01000000 11110100 
01110100 11110111 10011011 01000100 
11110111 11100011 10100000 11110110 
11100100 01000000 00010101 00010001 
01101010 00000010 01100110 10110100 
10100111 10000011 00010101 01101101 
10001100 11111101 00100000 10000110 
00101111 00010011 00101111 10001110 
01111111 11000111 00000111 10010101 
11111011 11101000 10001100 00110011 
01001101 11011000 11001100 01110010 
01101101 10101001 01100110 10111011 
10101111 01111111 00111100 00110011 
01101011 00110111 01001110 11010001 
10010010 00110010 10101010 10011010 
11011010 11010001 01000101 00100000 
01110101 10000000 10110110 11011111 
11011001 11001111 10100011 00010011 
10011001 00001101 01011011 01110110 
11011111 11011000 01011000 10110100 
01111010 00010101 01001111 11101111 
10011000 10111101 01100101 10010011 
10011011 00001011 10110011 11101010 
00011111 01011000 01000100 00110011 
10100110 11000100 10011001 00001111 