105 43 45 0 
283 34 36 -138 
180 -26 44 82 
315 5 -68 -78 
171 113 -34 -8 
240 -50 44 44 
172 -111 114 -61 
152 12 -24 -124 
333 -3 -73 -24 
238 -57 59 -88 
277 -65 107 105 
166 24 82 96 
327 94 35 -36 
177 -101 46 -4 
217 -64 -101 86 
288 -125 28 -55 
330 3 -47 109 
298 -113 -74 -50 
335 -8 -28 -85 
139 -33 19 -123 
299 48 108 -61 
133 -93 -111 77 
349 46 -111 80 
204 -71 56 -21 
122 68 -89 -53 
258 145 -48 55 
218 -3 7 126 
280 151 -1 -34 
236 -69 109 -60 
218 79 22 81 
235 -35 141 -71 
200 -130 6 -54 
304 36 -77 -73 
286 10 -41 -141 
230 155 16 -51 
185 -27 -27 169 
345 49 -88 -10 
213 -23 85 -71 
175 -26 -39 84 
245 1 28 68 
246 103 63 -25 
288 -50 -88 -48 
155 -65 80 -68 
203 4 -91 106 
185 104 -81 -76 
277 -41 -12 -143 
335 5 -58 48 
241 -42 -28 59 
209 112 40 -44 
355 -104 -17 30 
156 113 37 50 
358 25 -15 30 
268 22 -155 -49 
47 33 35 41 
294 88 -2 78 
207 169 -42 -52 
248 7 24 -11 
311 -66 -23 -18 
320 35 61 26 
218 33 -54 69 
261 76 -4 34 
304 -142 41 82 
203 90 118 57 
346 14 57 -104 
288 10 -183 2 
167 -134 34 -51 
153 -97 24 -38 
174 -2 0 -161 
151 0 -9 -120 
95 -48 28 -35 
201 42 54 55 
217 51 -23 -131 
308 -60 67 50 
116 -29 -9 -52 
237 -112 4 89 
227 -80 -140 39 
293 70 -22 -109 
440 34 -33 53 
165 127 84 80 
195 -87 13 91 
214 84 -26 62 
279 113 -107 -5 
127 -61 -33 61 
241 85 -107 35 
337 146 54 -35 
305 -12 -24 -114 
283 -5 -72 12 
206 95 28 19 
224 -62 -39 91 
260 -64 56 40 
264 163 23 -14 
325 -80 -26 15 
303 121 77 -67 
187 -21 56 83 
353 85 -42 49 
230 -87 -29 130 
294 46 -41 4 
289 -123 44 99 
119 0 -20 -37 
265 97 54 -84 