46 -40 -7 -12 
13 0 -71 79 
-26 20 103 52 
72 23 28 -15 
81 28 -2 -33 
48 -60 66 -25 
35 66 48 5 
-6 -37 30 -62 
17 -35 -14 -69 
-40 46 36 25 
-51 -65 -72 23 
0 20 -56 -2 
13 62 -10 43 
36 95 -2 6 
3 43 33 11 
-6 -29 -71 -60 
-27 92 44 -52 
-76 -10 -16 77 
-26 37 10 1 
8 -23 19 52 
58 -40 -79 -65 
-87 -109 26 -114 
21 -52 20 26 
-53 -58 -10 -17 
-85 -45 -90 37 
34 -42 28 -23 
-81 -62 -35 -11 
-30 24 -127 -109 
-40 -19 44 29 
-65 96 24 -1 
87 -90 7 50 
-19 1 84 -62 
-31 -61 -30 -57 
33 80 42 -17 
-86 24 -79 -14 
13 -95 14 27 
-25 -7 -23 68 
-26 -58 -11 -39 
74 57 124 84 
-32 -107 -46 -66 
8 45 -33 -77 
48 -29 25 -34 
-43 40 7 -9 
8 1 63 -53 
-26 127 -26 -76 
30 -59 54 28 
-18 5 -15 -3 
37 3 114 -28 
-96 -112 -98 104 
80 14 -23 53 
50 -15 -35 6 
-44 59 15 38 
-41 -2 36 -18 
-26 -35 -42 -56 
-62 11 -24 49 
57 -55 -77 50 
-87 -21 -100 -27 
2 83 -102 -11 
63 -14 -76 30 
114 -50 -1 40 
-71 -10 36 -16 
65 15 -41 -35 
73 -55 -33 -19 
32 -24 20 41 
36 63 -36 -85 
-61 48 -84 31 
-2 -83 12 63 
97 58 18 -44 
12 -25 -28 -69 
-85 -40 -71 -36 
0 -64 -39 50 
-41 -32 23 -55 
15 -115 -36 59 
24 39 -97 50 
-19 33 -27 -23 
33 -2 -59 41 
-49 80 -27 -49 
-89 59 -3 -61 
-25 -16 -46 1 
95 -78 59 19 
-20 -44 31 20 
-4 55 -13 45 
14 78 -65 27 
-78 28 26 -89 
3 -77 40 -85 
-75 -72 33 19 
1 90 -52 -40 
56 93 0 6 
56 19 -95 -75 
-15 -33 40 19 
95 52 26 -41 
19 -109 -114 -50 
42 16 43 -47 
82 -52 39 76 
-53 -5 72 57 
-30 96 -27 -95 
-9 75 -27 -97 
-9 33 62 -32 
-30 82 -9 28 
-59 98 -91 29 