0001101001 0000101011 0000101101 0000000000 
0100011011 0000100010 0000100100 1101110110 
0010110100 1111100110 0000101100 0001010010 
0100111011 0000000101 1110111100 1110110010 
0010101011 0001110001 1111011110 1111111000 
0011110000 1111001110 0000101100 0000101100 
0010101100 1110010001 0001110010 1111000011 
0010011000 0000001100 1111101000 1110000100 
0101001101 1111111101 1110110111 1111101000 
0011101110 1111000111 0000111011 1110101000 
0100010101 1110111111 0001101011 0001101001 
0010100110 0000011000 0001010010 0001100000 
0101000111 0001011110 0000100011 1111011100 
0010110001 1110011011 0000101110 1111111100 
0011011001 1111000000 1110011011 0001010110 
0100100000 1110000011 0000011100 1111001001 
0101001010 0000000011 1111010001 0001101101 
0100101010 1110001111 1110110110 1111001110 
0101001111 1111111000 1111100100 1110101011 
0010001011 1111011111 0000010011 1110000101 
0100101011 0000110000 0001101100 1111000011 
0010000101 1110100011 1110010001 0001001101 
0101011101 0000101110 1110010001 0001010000 
0011001100 1110111001 0000111000 1111101011 
0001111010 0001000100 1110100111 1111001011 
0100000010 0010010001 1111010000 0000110111 
0011011010 1111111101 0000000111 0001111110 
0100011000 0010010111 1111111111 1111011110 
0011101100 1110111011 0001101101 1111000100 
0011011010 0001001111 0000010110 0001010001 
0011101011 1111011101 0010001101 1110111001 
0011001000 1101111110 0000000110 1111001010 
0100110000 0000100100 1110110011 1110110111 
0100011110 0000001010 1111010111 1101110011 
0011100110 0010011011 0000010000 1111001101 
0010111001 1111100101 1111100101 0010101001 
0101011001 0000110001 1110101000 1111110110 
0011010101 1111101001 0001010101 1110111001 
0010101111 1111100110 1111011001 0001010100 
0011110101 0000000001 0000011100 0001000100 
0011110110 0001100111 0000111111 1111100111 
0100100000 1111001110 1110101000 1111010000 
0010011011 1110111111 0001010000 1110111100 
0011001011 0000000100 1110100101 0001101010 
0010111001 0001101000 1110101111 1110110100 
0100010101 1111010111 1111110100 1101110001 
0101001111 0000000101 1111000110 0000110000 
0011110001 1111010110 1111100100 0000111011 
0011010001 0001110000 0000101000 1111010100 
0101100011 1110011000 1111101111 0000011110 
0010011100 0001110001 0000100101 0000110010 
0101100110 0000011001 1111110001 0000011110 
0100001100 0000010110 1101100101 1111001111 
0000101111 0000100001 0000100011 0000101001 
0100100110 0001011000 1111111110 0001001110 
0011001111 0010101001 1111010110 1111001100 
0011111000 0000000111 0000011000 1111110101 
0100110111 1110111110 1111101001 1111101110 
0101000000 0000100011 0000111101 0000011010 
0011011010 0000100001 1111001010 0001000101 
0100000101 0001001100 1111111100 0000100010 
0100110000 1101110010 0000101001 0001010010 
0011001011 0001011010 0001110110 0000111001 
0101011010 0000001110 0000111001 1110011000 
0100100000 0000001010 1101001001 0000000010 
0010100111 1101111010 0000100010 1111001101 
0010011001 1110011111 0000011000 1111011010 
0010101110 1111111110 0000000000 1101011111 
0010010111 0000000000 1111110111 1110001000 
0001011111 1111010000 0000011100 1111011101 
0011001001 0000101010 0000110110 0000110111 
0011011001 0000110011 1111101001 1101111101 
0100110100 1111000100 0001000011 0000110010 
0001110100 1111100011 1111110111 1111001100 
0011101101 1110010000 0000000100 0001011001 
0011100011 1110110000 1101110100 0000100111 
0100100101 0001000110 1111101010 1110010011 
0110111000 0000100010 1111011111 0000110101 
0010100101 0001111111 0001010100 0001010000 
0011000011 1110101001 0000001101 0001011011 
0011010110 0001010100 1111100110 0000111110 
0100010111 0001110001 1110010101 1111111011 
0001111111 1111000011 1111011111 0000111101 
0011110001 0001010101 1110010101 0000100011 
0101010001 0010010010 0000110110 1111011101 
0100110001 1111110100 1111101000 1110001110 
0100011011 1111111011 1110111000 0000001100 
0011001110 0001011111 0000011100 0000010011 
0011100000 1111000010 1111011001 0001011011 
0100000100 1111000000 0000111000 0000101000 
0100001000 0010100011 0000010111 1111110010 
0101000101 1110110000 1111100110 0000001111 
0100101111 0001111001 0001001101 1110111101 
0010111011 1111101011 0000111000 0001010011 
0101100001 0001010101 1111010110 0000110001 
0011100110 1110101001 1111100011 0010000010 
0100100110 0000101110 1111010111 0000000100 
0100100001 1110000101 0000101100 0001100011 
0001110111 0000000000 1111101100 1111011011 
0100001001 0001100001 0000110110 1110101100 